 nCells    =    1
 nWallSegm =    4
 delta_x   =  0.10000E+01 m
 delta_y   =  0.10000E+01 m
